{
 "cells": [
  {
   "cell_type": "markdown",
   "id": "3abcf763",
   "metadata": {},
   "source": [
    "# 1019 temp visualization "
   ]
  },
  {
   "cell_type": "markdown",
   "id": "8e4d7894",
   "metadata": {},
   "source": [
    "#### import"
   ]
  },
  {
   "cell_type": "code",
   "execution_count": 1,
   "id": "eb7b9845",
   "metadata": {},
   "outputs": [],
   "source": [
    "import seaborn as sn\n",
    "import matplotlib.pyplot as plt\n",
    "from qiskit.visualization import plot_histogram\n",
    "from datetime import datetime\n",
    "import numpy as np\n",
    "from itertools import permutations\n",
    "\n",
    "from qiskit_finance.data_providers import YahooDataProvider\n",
    "import json # Necessary for YahooDataProvider\n",
    "import http.client # Necessary for YahooDataProvider\n",
    "\n",
    "import pandas as pd\n",
    "#import pandas_datareader as web\n",
    "\n",
    "import os\n",
    "\n",
    "from docplex.mp.model import Model\n",
    "\n",
    "from qiskit_optimization.translators import from_docplex_mp\n",
    "from qiskit_optimization.algorithms import MinimumEigenOptimizer\n",
    "from qiskit.algorithms import NumPyMinimumEigensolver\n",
    "from qiskit_optimization.converters import LinearEqualityToPenalty\n",
    "\n",
    "from qiskit.circuit.library import TwoLocal # For Ansatz\n",
    "\n",
    "from qiskit.algorithms.optimizers import COBYLA, ADAM, NELDER_MEAD, POWELL, SPSA, QNSPSA\n",
    "from qiskit.opflow import CVaRExpectation\n",
    "from qiskit.opflow import PauliExpectation\n",
    "\n",
    "from qiskit.algorithms import VQE\n",
    "from qiskit.algorithms import QAOA\n",
    "\n",
    "from qiskit import Aer"
   ]
  },
  {
   "cell_type": "code",
   "execution_count": 2,
   "id": "acce98b4",
   "metadata": {},
   "outputs": [],
   "source": [
    "from dimod import ConstrainedQuadraticModel, Integer\n",
    "from dwave.system import LeapHybridCQMSampler\n",
    "import easydict\n",
    "# import kqc_custom\n",
    "from sklearn.linear_model import LinearRegression\n",
    "import pandas as pd\n",
    "import numpy as np\n",
    "import matplotlib.pyplot as plt\n",
    "import seaborn as sns"
   ]
  },
  {
   "cell_type": "code",
   "execution_count": 3,
   "id": "30939a39",
   "metadata": {},
   "outputs": [],
   "source": [
    "args = easydict.EasyDict()\n",
    "#my_api_token = TOKEN\n",
    "my_api_token = \"DEV-8be99a69b1c9b92319d76a12d5c8b4fde79963b4\"\n",
    "args['token'] = \"DEV-8be99a69b1c9b92319d76a12d5c8b4fde79963b4\"\n",
    "sampler = LeapHybridCQMSampler(token = args['token'])"
   ]
  },
  {
   "cell_type": "markdown",
   "id": "2db0a67c",
   "metadata": {},
   "source": [
    "#### D-wave model"
   ]
  },
  {
   "cell_type": "code",
   "execution_count": 4,
   "id": "da01eea0",
   "metadata": {},
   "outputs": [],
   "source": [
    "# 변수선택에서 가져온 dwave function\n",
    "\n",
    "def dwave(x,y):\n",
    "    data_x = pd.DataFrame(x)\n",
    "    data_y = pd.DataFrame(y)\n",
    "    p = data_x.shape[1]\n",
    "    Q = np.abs(data_x.corr())\n",
    "    beta = -Q.apply(sum)\n",
    "    for i in range(p) : \n",
    "        Q.iloc[i,i] = 0 \n",
    "        r_squared_list = []\n",
    "        names = []\n",
    "        for i in range( len(data_x.columns )) :\n",
    "            names.append(\"x\"+str(i))\n",
    "        data_x.columns = names    \n",
    "            \n",
    "    beta2 = -Q.apply(sum)\n",
    "    beta2_with_r2 = beta2 - partial_r1(x,y)\n",
    "    B=beta2_with_r2\n",
    "    integer_list = []\n",
    "    for i in range(10):\n",
    "        integer_list.append(Integer(str(\"x\")+str(\"0\")+str(\"0\")+str(i), upper_bound=1,lower_bound=0))\n",
    "    for i in range(10,100) :\n",
    "        integer_list.append(Integer(str(\"x\")+str(\"0\")+str(i), upper_bound=1,lower_bound=0))\n",
    "    for i in range(100,p) :\n",
    "        integer_list.append(Integer(str(\"x\")+str(i), upper_bound=1,lower_bound=0))\n",
    "        \n",
    "    linear_qubo = B[0]*integer_list[0]*0\n",
    "    for i in range(p): \n",
    "        linear_qubo = linear_qubo + B[i]*integer_list[i]\n",
    "    \n",
    "    quadratic_qubo = Q[0][0]*integer_list[0]*integer_list[0]*0\n",
    "    for j in range(p):\n",
    "        for i in range(p):\n",
    "            quadratic_qubo= quadratic_qubo+Q[i][j]*integer_list[i]*integer_list[j]\n",
    "    \n",
    "    Qubo = linear_qubo + quadratic_qubo\n",
    "    cqm= ConstrainedQuadraticModel()\n",
    "    cqm.set_objective(Qubo)\n",
    "    sampleset = sampler.sample_cqm(cqm)\n",
    "    \n",
    "    result = sampleset.first[0]\n",
    "    result_list=list(zip(result.keys(), result.values()))\n",
    "    \n",
    "    data_x_result=pd.DataFrame(result_list).T.loc[[1]]\n",
    "    names = []\n",
    "    for i in range( len(data_x_result.columns )) :\n",
    "        names.append(\"x\"+str(i))\n",
    "    data_x_result.columns = names  \n",
    "    data_y.columns = [\"y\"]\n",
    "    \n",
    "    data_x_result.index = [\"Selection\"]\n",
    "    data_x_result=pd.to_numeric(data_x_result.T[\"Selection\"])\n",
    "    \n",
    "    concat_x = pd.concat([pd.DataFrame(data_x_result).T, data_x], axis = 0)\n",
    "    concat_x_one=concat_x.T[concat_x.T[\"Selection\"]==1].T\n",
    "    data_x_one =concat_x_one.loc[0:,:]\n",
    "    \n",
    "    \n",
    "    mse_result=mse( np.array(data_x_one) ,np.array(data_y))\n",
    "    aic_result = (len(data_x_one)* np.log(mse_result) - 10 *np.log(len(data_x_one)) + 2* len(data_x_one.columns))\n",
    "    cn_result = cn(data_x_one)\n",
    "    return result, mse_result, aic_result, cn_result"
   ]
  },
  {
   "cell_type": "markdown",
   "id": "020b42a0",
   "metadata": {},
   "source": [
    "#### Data loader"
   ]
  },
  {
   "cell_type": "code",
   "execution_count": 46,
   "id": "d7e9d542",
   "metadata": {},
   "outputs": [],
   "source": [
    "# data = pd.read_excel(('./부동산 데이터.xlsx'),index_col=0)\n",
    "data = pd.read_csv(\"./seoul_5year_250steps_25gu.csv\", encoding=\"UTF-8\", header= \"infer\")"
   ]
  },
  {
   "cell_type": "code",
   "execution_count": 6,
   "id": "ead20910",
   "metadata": {},
   "outputs": [],
   "source": [
    "beta= {'종로구': 0.7043230350406724,\n",
    " '중구': 0.7013707352553286,\n",
    " '용산구': 0.6227240385741704,\n",
    " '성동구': 0.6774652574577301,\n",
    " '광진구': 0.7774304796156825,\n",
    " '동대문구': 0.7312901961288749,\n",
    " '중랑구': 0.8495435178569114,\n",
    " '성북구': 0.7353748267964536,\n",
    " '강북구': 0.5590302816841793,\n",
    " '도봉구': 0.6104941055445325,\n",
    " '노원구': 0.5814943813430039,\n",
    " '은평구': 0.6848609382154561,\n",
    " '서대문구': 0.8959956736444682,\n",
    " '마포구': 0.7980492464899224,\n",
    " '양천구': 0.6786819907017784,\n",
    " '강서구': 0.7174780572351959,\n",
    " '구로구': 0.677190182997848,\n",
    " '금천구': 0.7106326446994807,\n",
    " '영등포구': 0.7866140518456497,\n",
    " '동작구': 0.7137865551481725,\n",
    " '관악구': 0.8001399119261533,\n",
    " '서초구': 0.7802900931734599,\n",
    " '강남구': 0.6746651464105473,\n",
    " '송파구': 0.705094842287758,\n",
    " '강동구': 0.7919404607562062}\n",
    "\n",
    "Q = pd.DataFrame([[1.00682001e-05, 8.25395637e-06, 4.39375836e-06, 6.84137795e-06,\n",
    "        6.46402755e-06, 6.64405292e-06, 5.02962050e-06, 8.43589135e-06,\n",
    "        8.19468754e-06, 8.88946246e-06, 1.00874159e-05, 1.10857348e-05,\n",
    "        1.34619620e-05, 8.49167276e-06, 5.95900832e-06, 7.48430311e-06,\n",
    "        6.93096540e-06, 1.03322631e-05, 9.73130024e-06, 6.49924418e-06,\n",
    "        6.23553238e-06, 8.45107912e-06, 7.50212758e-06, 7.07619043e-06,\n",
    "        5.17701993e-06, 7.25435545e-06, 6.91303747e-06, 1.19529178e-05],\n",
    "       [8.25395637e-06, 1.31586466e-05, 6.51602479e-06, 9.61132426e-06,\n",
    "        1.00166363e-05, 1.20684154e-05, 9.65049109e-06, 1.31789070e-05,\n",
    "        1.08553903e-05, 1.42602462e-05, 1.62950868e-05, 1.61407087e-05,\n",
    "        1.85124607e-05, 1.13814904e-05, 9.66127679e-06, 1.17848706e-05,\n",
    "        1.43198471e-05, 1.41318133e-05, 1.50251914e-05, 1.04266390e-05,\n",
    "        1.23613655e-05, 1.36480015e-05, 1.16293550e-05, 1.16364711e-05,\n",
    "        1.07072094e-05, 1.30852945e-05, 1.09529555e-05, 1.12958304e-05],\n",
    "       [4.39375836e-06, 6.51602479e-06, 6.75335317e-06, 4.95338394e-06,\n",
    "        5.79512733e-06, 6.15382130e-06, 4.78051493e-06, 5.91733358e-06,\n",
    "        6.13536996e-06, 6.96774825e-06, 7.99138828e-06, 7.88267258e-06,\n",
    "        8.66507488e-06, 6.65147763e-06, 4.69599671e-06, 5.27837742e-06,\n",
    "        6.50486767e-06, 7.34871259e-06, 7.46058308e-06, 4.89122893e-06,\n",
    "        6.18369237e-06, 6.17874513e-06, 5.98362107e-06, 6.42451844e-06,\n",
    "        5.44738058e-06, 6.13049084e-06, 5.85442160e-06, 5.47921733e-06],\n",
    "       [6.84137795e-06, 9.61132426e-06, 4.95338394e-06, 1.04024969e-05,\n",
    "        7.63734651e-06, 8.28981835e-06, 6.82100598e-06, 9.76505921e-06,\n",
    "        7.94749803e-06, 1.04736745e-05, 1.17206838e-05, 1.15634381e-05,\n",
    "        1.37990877e-05, 9.27769809e-06, 7.16492449e-06, 8.92460873e-06,\n",
    "        1.00095975e-05, 1.04793145e-05, 1.10781895e-05, 7.09151212e-06,\n",
    "        9.09957654e-06, 1.07583568e-05, 9.13688841e-06, 7.86801338e-06,\n",
    "        7.36828056e-06, 8.81319175e-06, 8.29555263e-06, 8.85957365e-06],\n",
    "       [6.46402755e-06, 1.00166363e-05, 5.79512733e-06, 7.63734651e-06,\n",
    "        1.38765476e-05, 9.43751779e-06, 7.42838869e-06, 1.05269054e-05,\n",
    "        8.11552790e-06, 1.01591879e-05, 1.04482265e-05, 1.07740458e-05,\n",
    "        1.11886641e-05, 8.79593560e-06, 7.31633427e-06, 9.23110341e-06,\n",
    "        1.04736141e-05, 1.16733598e-05, 1.05930695e-05, 6.41834774e-06,\n",
    "        9.86690803e-06, 1.08628494e-05, 9.21827091e-06, 1.03131618e-05,\n",
    "        9.62164108e-06, 9.60299599e-06, 9.65811368e-06, 8.76290662e-06],\n",
    "       [6.64405292e-06, 1.20684154e-05, 6.15382130e-06, 8.28981835e-06,\n",
    "        9.43751779e-06, 1.60507826e-05, 1.02879246e-05, 1.20934600e-05,\n",
    "        9.43391209e-06, 1.22905669e-05, 1.33334053e-05, 1.37527606e-05,\n",
    "        1.57888320e-05, 1.01392405e-05, 8.55181217e-06, 1.04829643e-05,\n",
    "        1.26560729e-05, 1.18289022e-05, 1.24165787e-05, 8.64940674e-06,\n",
    "        1.05987688e-05, 1.22163341e-05, 9.20841519e-06, 1.08957657e-05,\n",
    "        1.10026541e-05, 1.37322537e-05, 1.10871929e-05, 9.35414490e-06],\n",
    "       [5.02962050e-06, 9.65049109e-06, 4.78051493e-06, 6.82100598e-06,\n",
    "        7.42838869e-06, 1.02879246e-05, 1.06665461e-05, 9.13999579e-06,\n",
    "        7.29567605e-06, 1.02415634e-05, 1.12589287e-05, 1.00670804e-05,\n",
    "        1.22622821e-05, 7.50128720e-06, 6.98042065e-06, 8.22107528e-06,\n",
    "        1.12833881e-05, 9.80959641e-06, 9.71501858e-06, 8.34050288e-06,\n",
    "        8.88614516e-06, 8.59284436e-06, 7.67356555e-06, 8.65129990e-06,\n",
    "        9.49512911e-06, 1.16254348e-05, 8.36021585e-06, 7.20942034e-06],\n",
    "       [8.43589135e-06, 1.31789070e-05, 5.91733358e-06, 9.76505921e-06,\n",
    "        1.05269054e-05, 1.20934600e-05, 9.13999579e-06, 1.59496560e-05,\n",
    "        1.10098791e-05, 1.39890344e-05, 1.63400608e-05, 1.63113214e-05,\n",
    "        1.87921937e-05, 1.13604959e-05, 9.91236525e-06, 1.23515822e-05,\n",
    "        1.38949568e-05, 1.41706779e-05, 1.48509144e-05, 1.01183766e-05,\n",
    "        1.22242606e-05, 1.46032465e-05, 1.19800196e-05, 1.15415956e-05,\n",
    "        9.62964157e-06, 1.21916195e-05, 1.14305976e-05, 1.18044021e-05],\n",
    "       [8.19468754e-06, 1.08553903e-05, 6.13536996e-06, 7.94749803e-06,\n",
    "        8.11552790e-06, 9.43391209e-06, 7.29567605e-06, 1.10098791e-05,\n",
    "        1.18081155e-05, 1.17600095e-05, 1.41767718e-05, 1.49472821e-05,\n",
    "        1.62072335e-05, 1.03560642e-05, 7.91826940e-06, 8.85960132e-06,\n",
    "        1.02908934e-05, 1.23212631e-05, 1.31104692e-05, 8.43054436e-06,\n",
    "        9.53496050e-06, 1.06010036e-05, 9.25520596e-06, 9.40819055e-06,\n",
    "        7.79011160e-06, 9.98169502e-06, 8.97364898e-06, 1.06957825e-05],\n",
    "       [8.88946246e-06, 1.42602462e-05, 6.96774825e-06, 1.04736745e-05,\n",
    "        1.01591879e-05, 1.22905669e-05, 1.02415634e-05, 1.39890344e-05,\n",
    "        1.17600095e-05, 1.78694526e-05, 1.81737909e-05, 1.80039222e-05,\n",
    "        2.11701155e-05, 1.32885085e-05, 1.09284141e-05, 1.28514024e-05,\n",
    "        1.49182060e-05, 1.55379853e-05, 1.68462413e-05, 1.15188017e-05,\n",
    "        1.35489647e-05, 1.48612244e-05, 1.30926596e-05, 1.17052353e-05,\n",
    "        1.01668804e-05, 1.33413705e-05, 1.10175291e-05, 1.23109896e-05],\n",
    "       [1.00874159e-05, 1.62950868e-05, 7.99138828e-06, 1.17206838e-05,\n",
    "        1.04482265e-05, 1.33334053e-05, 1.12589287e-05, 1.63400608e-05,\n",
    "        1.41767718e-05, 1.81737909e-05, 2.65898272e-05, 2.25746599e-05,\n",
    "        2.57328081e-05, 1.40858113e-05, 1.21659592e-05, 1.36141943e-05,\n",
    "        1.79493498e-05, 1.87655390e-05, 2.00098460e-05, 1.43132724e-05,\n",
    "        1.47854389e-05, 1.62300646e-05, 1.43680696e-05, 1.33085768e-05,\n",
    "        1.07577363e-05, 1.40081749e-05, 1.16254085e-05, 1.38845191e-05],\n",
    "       [1.10857348e-05, 1.61407087e-05, 7.88267258e-06, 1.15634381e-05,\n",
    "        1.07740458e-05, 1.37527606e-05, 1.00670804e-05, 1.63113214e-05,\n",
    "        1.49472821e-05, 1.80039222e-05, 2.25746599e-05, 2.50863650e-05,\n",
    "        2.53626632e-05, 1.46139925e-05, 1.21613789e-05, 1.40962376e-05,\n",
    "        1.66072888e-05, 1.74068270e-05, 1.92299285e-05, 1.29048882e-05,\n",
    "        1.45882974e-05, 1.65158119e-05, 1.41641995e-05, 1.30497217e-05,\n",
    "        1.02402354e-05, 1.40011204e-05, 1.27316733e-05, 1.50927845e-05],\n",
    "       [1.34619620e-05, 1.85124607e-05, 8.66507488e-06, 1.37990877e-05,\n",
    "        1.11886641e-05, 1.57888320e-05, 1.22622821e-05, 1.87921937e-05,\n",
    "        1.62072335e-05, 2.11701155e-05, 2.57328081e-05, 2.53626632e-05,\n",
    "        3.10831153e-05, 1.70307626e-05, 1.33934817e-05, 1.62954743e-05,\n",
    "        1.85778500e-05, 2.05479941e-05, 2.23972905e-05, 1.54152393e-05,\n",
    "        1.63206059e-05, 1.91926407e-05, 1.62528490e-05, 1.49307499e-05,\n",
    "        1.13885592e-05, 1.62306855e-05, 1.35779509e-05, 1.79414685e-05],\n",
    "       [8.49167276e-06, 1.13814904e-05, 6.65147763e-06, 9.27769809e-06,\n",
    "        8.79593560e-06, 1.01392405e-05, 7.50128720e-06, 1.13604959e-05,\n",
    "        1.03560642e-05, 1.32885085e-05, 1.40858113e-05, 1.46139925e-05,\n",
    "        1.70307626e-05, 1.44320489e-05, 9.11394035e-06, 9.74844783e-06,\n",
    "        1.06877620e-05, 1.31646064e-05, 1.37959378e-05, 9.17221684e-06,\n",
    "        1.05593305e-05, 1.14042244e-05, 1.12293565e-05, 9.58643097e-06,\n",
    "        7.31672271e-06, 9.59924050e-06, 9.01472501e-06, 1.07971983e-05],\n",
    "       [5.95900832e-06, 9.66127679e-06, 4.69599671e-06, 7.16492449e-06,\n",
    "        7.31633427e-06, 8.55181217e-06, 6.98042065e-06, 9.91236525e-06,\n",
    "        7.91826940e-06, 1.09284141e-05, 1.21659592e-05, 1.21613789e-05,\n",
    "        1.33934817e-05, 9.11394035e-06, 9.16773514e-06, 8.62080363e-06,\n",
    "        1.03121082e-05, 1.05510643e-05, 1.12438863e-05, 8.05369136e-06,\n",
    "        9.57505819e-06, 1.00132753e-05, 9.36382537e-06, 8.11163707e-06,\n",
    "        7.09694915e-06, 8.81513316e-06, 8.08131412e-06, 8.39410920e-06],\n",
    "       [7.48430311e-06, 1.17848706e-05, 5.27837742e-06, 8.92460873e-06,\n",
    "        9.23110341e-06, 1.04829643e-05, 8.22107528e-06, 1.23515822e-05,\n",
    "        8.85960132e-06, 1.28514024e-05, 1.36141943e-05, 1.40962376e-05,\n",
    "        1.62954743e-05, 9.74844783e-06, 8.62080363e-06, 1.31449396e-05,\n",
    "        1.33791132e-05, 1.19118834e-05, 1.30955349e-05, 8.86632492e-06,\n",
    "        1.11897467e-05, 1.33966135e-05, 1.07192340e-05, 9.95845370e-06,\n",
    "        9.66098862e-06, 1.13605362e-05, 1.03325136e-05, 1.04220691e-05],\n",
    "       [6.93096540e-06, 1.43198471e-05, 6.50486767e-06, 1.00095975e-05,\n",
    "        1.04736141e-05, 1.26560729e-05, 1.12833881e-05, 1.38949568e-05,\n",
    "        1.02908934e-05, 1.49182060e-05, 1.79493498e-05, 1.66072888e-05,\n",
    "        1.85778500e-05, 1.06877620e-05, 1.03121082e-05, 1.33791132e-05,\n",
    "        2.00206571e-05, 1.48498498e-05, 1.63120666e-05, 1.28736008e-05,\n",
    "        1.42365281e-05, 1.49554834e-05, 1.29026870e-05, 1.27364961e-05,\n",
    "        1.26132940e-05, 1.45889120e-05, 1.13702278e-05, 1.04356398e-05],\n",
    "       [1.03322631e-05, 1.41318133e-05, 7.34871259e-06, 1.04793145e-05,\n",
    "        1.16733598e-05, 1.18289022e-05, 9.80959641e-06, 1.41706779e-05,\n",
    "        1.23212631e-05, 1.55379853e-05, 1.87655390e-05, 1.74068270e-05,\n",
    "        2.05479941e-05, 1.31646064e-05, 1.05510643e-05, 1.19118834e-05,\n",
    "        1.48498498e-05, 1.85914102e-05, 1.69367434e-05, 1.20202312e-05,\n",
    "        1.28718244e-05, 1.41533768e-05, 1.32244209e-05, 1.25828532e-05,\n",
    "        1.00661234e-05, 1.24926221e-05, 1.05056985e-05, 1.36665463e-05],\n",
    "       [9.73130024e-06, 1.50251914e-05, 7.46058308e-06, 1.10781895e-05,\n",
    "        1.05930695e-05, 1.24165787e-05, 9.71501858e-06, 1.48509144e-05,\n",
    "        1.31104692e-05, 1.68462413e-05, 2.00098460e-05, 1.92299285e-05,\n",
    "        2.23972905e-05, 1.37959378e-05, 1.12438863e-05, 1.30955349e-05,\n",
    "        1.63120666e-05, 1.69367434e-05, 2.05808678e-05, 1.31867754e-05,\n",
    "        1.40798068e-05, 1.65699976e-05, 1.42455742e-05, 1.29098899e-05,\n",
    "        9.89810285e-06, 1.26680855e-05, 1.16292019e-05, 1.33128516e-05],\n",
    "       [6.49924418e-06, 1.04266390e-05, 4.89122893e-06, 7.09151212e-06,\n",
    "        6.41834774e-06, 8.64940674e-06, 8.34050288e-06, 1.01183766e-05,\n",
    "        8.43054436e-06, 1.15188017e-05, 1.43132724e-05, 1.29048882e-05,\n",
    "        1.54152393e-05, 9.17221684e-06, 8.05369136e-06, 8.86632492e-06,\n",
    "        1.28736008e-05, 1.20202312e-05, 1.31867754e-05, 1.29191853e-05,\n",
    "        9.68988328e-06, 1.01841809e-05, 9.67352744e-06, 8.83414347e-06,\n",
    "        6.92214569e-06, 9.52586224e-06, 7.39631094e-06, 9.06300943e-06],\n",
    "       [6.23553238e-06, 1.23613655e-05, 6.18369237e-06, 9.09957654e-06,\n",
    "        9.86690803e-06, 1.05987688e-05, 8.88614516e-06, 1.22242606e-05,\n",
    "        9.53496050e-06, 1.35489647e-05, 1.47854389e-05, 1.45882974e-05,\n",
    "        1.63206059e-05, 1.05593305e-05, 9.57505819e-06, 1.11897467e-05,\n",
    "        1.42365281e-05, 1.28718244e-05, 1.40798068e-05, 9.68988328e-06,\n",
    "        1.39286017e-05, 1.29858534e-05, 1.17577589e-05, 1.06429994e-05,\n",
    "        1.07481014e-05, 1.22787669e-05, 1.01207382e-05, 9.04602729e-06],\n",
    "       [8.45107912e-06, 1.36480015e-05, 6.17874513e-06, 1.07583568e-05,\n",
    "        1.08628494e-05, 1.22163341e-05, 8.59284436e-06, 1.46032465e-05,\n",
    "        1.06010036e-05, 1.48612244e-05, 1.62300646e-05, 1.65158119e-05,\n",
    "        1.91926407e-05, 1.14042244e-05, 1.00132753e-05, 1.33966135e-05,\n",
    "        1.49554834e-05, 1.41533768e-05, 1.65699976e-05, 1.01841809e-05,\n",
    "        1.29858534e-05, 1.81886467e-05, 1.26904937e-05, 1.19667122e-05,\n",
    "        1.01495501e-05, 1.17991367e-05, 1.20770173e-05, 1.19037483e-05],\n",
    "       [7.50212758e-06, 1.16293550e-05, 5.98362107e-06, 9.13688841e-06,\n",
    "        9.21827091e-06, 9.20841519e-06, 7.67356555e-06, 1.19800196e-05,\n",
    "        9.25520596e-06, 1.30926596e-05, 1.43680696e-05, 1.41641995e-05,\n",
    "        1.62528490e-05, 1.12293565e-05, 9.36382537e-06, 1.07192340e-05,\n",
    "        1.29026870e-05, 1.32244209e-05, 1.42455742e-05, 9.67352744e-06,\n",
    "        1.17577589e-05, 1.26904937e-05, 1.30185322e-05, 9.92287294e-06,\n",
    "        8.03160422e-06, 1.03263118e-05, 9.21969897e-06, 1.02706820e-05],\n",
    "       [7.07619043e-06, 1.16364711e-05, 6.42451844e-06, 7.86801338e-06,\n",
    "        1.03131618e-05, 1.08957657e-05, 8.65129990e-06, 1.15415956e-05,\n",
    "        9.40819055e-06, 1.17052353e-05, 1.33085768e-05, 1.30497217e-05,\n",
    "        1.49307499e-05, 9.58643097e-06, 8.11163707e-06, 9.95845370e-06,\n",
    "        1.27364961e-05, 1.25828532e-05, 1.29098899e-05, 8.83414347e-06,\n",
    "        1.06429994e-05, 1.19667122e-05, 9.92287294e-06, 1.38106967e-05,\n",
    "        1.03773268e-05, 1.19286372e-05, 1.03369404e-05, 9.39770598e-06],\n",
    "       [5.17701993e-06, 1.07072094e-05, 5.44738058e-06, 7.36828056e-06,\n",
    "        9.62164108e-06, 1.10026541e-05, 9.49512911e-06, 9.62964157e-06,\n",
    "        7.79011160e-06, 1.01668804e-05, 1.07577363e-05, 1.02402354e-05,\n",
    "        1.13885592e-05, 7.31672271e-06, 7.09694915e-06, 9.66098862e-06,\n",
    "        1.26132940e-05, 1.00661234e-05, 9.89810285e-06, 6.92214569e-06,\n",
    "        1.07481014e-05, 1.01495501e-05, 8.03160422e-06, 1.03773268e-05,\n",
    "        1.46278871e-05, 1.41629797e-05, 1.02409690e-05, 7.15985655e-06],\n",
    "       [7.25435545e-06, 1.30852945e-05, 6.13049084e-06, 8.81319175e-06,\n",
    "        9.60299599e-06, 1.37322537e-05, 1.16254348e-05, 1.21916195e-05,\n",
    "        9.98169502e-06, 1.33413705e-05, 1.40081749e-05, 1.40011204e-05,\n",
    "        1.62306855e-05, 9.59924050e-06, 8.81513316e-06, 1.13605362e-05,\n",
    "        1.45889120e-05, 1.24926221e-05, 1.26680855e-05, 9.52586224e-06,\n",
    "        1.22787669e-05, 1.17991367e-05, 1.03263118e-05, 1.19286372e-05,\n",
    "        1.41629797e-05, 1.79661884e-05, 1.15669916e-05, 1.00523780e-05],\n",
    "       [6.91303747e-06, 1.09529555e-05, 5.85442160e-06, 8.29555263e-06,\n",
    "        9.65811368e-06, 1.10871929e-05, 8.36021585e-06, 1.14305976e-05,\n",
    "        8.97364898e-06, 1.10175291e-05, 1.16254085e-05, 1.27316733e-05,\n",
    "        1.35779509e-05, 9.01472501e-06, 8.08131412e-06, 1.03325136e-05,\n",
    "        1.13702278e-05, 1.05056985e-05, 1.16292019e-05, 7.39631094e-06,\n",
    "        1.01207382e-05, 1.20770173e-05, 9.21969897e-06, 1.03369404e-05,\n",
    "        1.02409690e-05, 1.15669916e-05, 1.23500709e-05, 9.34838949e-06],\n",
    "       [1.19529178e-05, 1.12958304e-05, 5.47921733e-06, 8.85957365e-06,\n",
    "        8.76290662e-06, 9.35414490e-06, 7.20942034e-06, 1.18044021e-05,\n",
    "        1.06957825e-05, 1.23109896e-05, 1.38845191e-05, 1.50927845e-05,\n",
    "        1.79414685e-05, 1.07971983e-05, 8.39410920e-06, 1.04220691e-05,\n",
    "        1.04356398e-05, 1.36665463e-05, 1.33128516e-05, 9.06300943e-06,\n",
    "        9.04602729e-06, 1.19037483e-05, 1.02706820e-05, 9.39770598e-06,\n",
    "        7.15985655e-06, 1.00523780e-05, 9.34838949e-06, 1.49254522e-05]])"
   ]
  },
  {
   "cell_type": "code",
   "execution_count": 7,
   "id": "be680332",
   "metadata": {},
   "outputs": [],
   "source": [
    "names = [\"종로구\",\"중구\",\"용산구\",\"성동구\",\"광진구\",\"동대문구\",\"중랑구\",\"성북구\",\"강북구\",\"도봉구\",\n",
    "         \"노원구\",\"은평구\",\"서대문구\",\"마포구\",\"양천구\",\"강서구\",\"구로구\",\"금천구\",\"영등포구\",\n",
    "         \"동작구\",\"관악구\",\"서초구\",\"강남구\",\"송파구\",\"강동구\"]"
   ]
  },
  {
   "cell_type": "markdown",
   "id": "4841cc65",
   "metadata": {},
   "source": [
    "### Main"
   ]
  },
  {
   "cell_type": "markdown",
   "id": "4eb4ed05",
   "metadata": {},
   "source": [
    "#### Setting the parameter"
   ]
  },
  {
   "cell_type": "code",
   "execution_count": 8,
   "id": "91e0046a",
   "metadata": {},
   "outputs": [],
   "source": [
    "#integer_list = []\n",
    "#for i in range(10):\n",
    "#integer_list.append(Integer(str(\"x\")+str(\"0\")+str(\"0\")+str(i), upper_bound=1,lower_bound=0))\n",
    "#for i in range(10,25) :\n",
    "#integer_list.append(Integer(str(\"x\")+str(\"0\")+str(i), upper_bound=1,lower_bound=0))\n",
    "beta_list = list ( beta.values() )\n",
    "B=beta_list\n",
    "\n",
    "integer_list = []\n",
    "for i in range(25):\n",
    "    integer_list.append(Integer(str(names[i]), upper_bound=1,lower_bound=0))\n",
    "\n",
    "linear_qubo = B[0]*integer_list[0]*0\n",
    "for i in range(25): \n",
    "    linear_qubo = linear_qubo + B[i]*integer_list[i]\n",
    "\n",
    "for i in range(25) : \n",
    "    Q.iloc[i,i] = 0\n",
    "quadratic_qubo = Q[0][0]*integer_list[0]*integer_list[0]*0\n",
    "for j in range(25):\n",
    "    for i in range(25):\n",
    "        quadratic_qubo= quadratic_qubo+Q[i][j]*integer_list[i]*integer_list[j]"
   ]
  },
  {
   "cell_type": "code",
   "execution_count": 9,
   "id": "12aed971",
   "metadata": {},
   "outputs": [],
   "source": [
    "# Qubo 와 result\n",
    "Qubo = -linear_qubo + quadratic_qubo\n",
    "cqm= ConstrainedQuadraticModel()\n",
    "cqm.set_objective(Qubo)\n",
    "sampleset = sampler.sample_cqm(cqm)\n",
    "\n",
    "result = sampleset.first[0]\n",
    "result_list=list(zip(result.keys(), result.values()))"
   ]
  },
  {
   "cell_type": "code",
   "execution_count": 10,
   "id": "474233b0",
   "metadata": {
    "scrolled": true
   },
   "outputs": [
    {
     "data": {
      "text/plain": [
       "QuadraticModel({'종로구': -0.7043230350406724, '중구': -0.7013707352553286, '용산구': -0.6227240385741704, '성동구': -0.6774652574577301, '광진구': -0.7774304796156825, '동대문구': -0.7312901961288749, '중랑구': -0.8495435178569114, '성북구': -0.7353748267964536, '강북구': -0.5590302816841793, '도봉구': -0.6104941055445325, '노원구': -0.5814943813430039, '은평구': -0.6848609382154561, '서대문구': -0.8959956736444682, '마포구': -0.7980492464899224, '양천구': -0.6786819907017784, '강서구': -0.7174780572351959, '구로구': -0.677190182997848, '금천구': -0.7106326446994807, '영등포구': -0.7866140518456497, '동작구': -0.7137865551481725, '관악구': -0.8001399119261533, '서초구': -0.7802900931734599, '강남구': -0.6746651464105473, '송파구': -0.705094842287758, '강동구': -0.7919404607562062}, {('종로구', '종로구'): 0.0, ('중구', '종로구'): 1.650791274e-05, ('중구', '중구'): 0.0, ('용산구', '종로구'): 8.78751672e-06, ('용산구', '중구'): 1.303204958e-05, ('용산구', '용산구'): 0.0, ('성동구', '종로구'): 1.36827559e-05, ('성동구', '중구'): 1.922264852e-05, ('성동구', '용산구'): 9.90676788e-06, ('성동구', '성동구'): 0.0, ('광진구', '종로구'): 1.29280551e-05, ('광진구', '중구'): 2.00332726e-05, ('광진구', '용산구'): 1.159025466e-05, ('광진구', '성동구'): 1.527469302e-05, ('광진구', '광진구'): 0.0, ('동대문구', '종로구'): 1.328810584e-05, ('동대문구', '중구'): 2.41368308e-05, ('동대문구', '용산구'): 1.23076426e-05, ('동대문구', '성동구'): 1.65796367e-05, ('동대문구', '광진구'): 1.887503558e-05, ('동대문구', '동대문구'): 0.0, ('중랑구', '종로구'): 1.0059241e-05, ('중랑구', '중구'): 1.930098218e-05, ('중랑구', '용산구'): 9.56102986e-06, ('중랑구', '성동구'): 1.364201196e-05, ('중랑구', '광진구'): 1.485677738e-05, ('중랑구', '동대문구'): 2.05758492e-05, ('중랑구', '중랑구'): 0.0, ('성북구', '종로구'): 1.68717827e-05, ('성북구', '중구'): 2.6357814e-05, ('성북구', '용산구'): 1.183466716e-05, ('성북구', '성동구'): 1.953011842e-05, ('성북구', '광진구'): 2.10538108e-05, ('성북구', '동대문구'): 2.418692e-05, ('성북구', '중랑구'): 1.827999158e-05, ('성북구', '성북구'): 0.0, ('강북구', '종로구'): 1.638937508e-05, ('강북구', '중구'): 2.17107806e-05, ('강북구', '용산구'): 1.227073992e-05, ('강북구', '성동구'): 1.589499606e-05, ('강북구', '광진구'): 1.62310558e-05, ('강북구', '동대문구'): 1.886782418e-05, ('강북구', '중랑구'): 1.45913521e-05, ('강북구', '성북구'): 2.20197582e-05, ('강북구', '강북구'): 0.0, ('도봉구', '종로구'): 1.777892492e-05, ('도봉구', '중구'): 2.85204924e-05, ('도봉구', '용산구'): 1.39354965e-05, ('도봉구', '성동구'): 2.0947349e-05, ('도봉구', '광진구'): 2.03183758e-05, ('도봉구', '동대문구'): 2.45811338e-05, ('도봉구', '중랑구'): 2.04831268e-05, ('도봉구', '성북구'): 2.79780688e-05, ('도봉구', '강북구'): 2.3520019e-05, ('도봉구', '도봉구'): 0.0, ('노원구', '종로구'): 2.01748318e-05, ('노원구', '중구'): 3.25901736e-05, ('노원구', '용산구'): 1.598277656e-05, ('노원구', '성동구'): 2.34413676e-05, ('노원구', '광진구'): 2.0896453e-05, ('노원구', '동대문구'): 2.66668106e-05, ('노원구', '중랑구'): 2.25178574e-05, ('노원구', '성북구'): 3.26801216e-05, ('노원구', '강북구'): 2.83535436e-05, ('노원구', '도봉구'): 3.63475818e-05, ('노원구', '노원구'): 0.0, ('은평구', '종로구'): 2.21714696e-05, ('은평구', '중구'): 3.22814174e-05, ('은평구', '용산구'): 1.576534516e-05, ('은평구', '성동구'): 2.31268762e-05, ('은평구', '광진구'): 2.15480916e-05, ('은평구', '동대문구'): 2.75055212e-05, ('은평구', '중랑구'): 2.01341608e-05, ('은평구', '성북구'): 3.26226428e-05, ('은평구', '강북구'): 2.98945642e-05, ('은평구', '도봉구'): 3.60078444e-05, ('은평구', '노원구'): 4.51493198e-05, ('은평구', '은평구'): 0.0, ('서대문구', '종로구'): 2.6923924e-05, ('서대문구', '중구'): 3.70249214e-05, ('서대문구', '용산구'): 1.733014976e-05, ('서대문구', '성동구'): 2.75981754e-05, ('서대문구', '광진구'): 2.23773282e-05, ('서대문구', '동대문구'): 3.1577664e-05, ('서대문구', '중랑구'): 2.45245642e-05, ('서대문구', '성북구'): 3.75843874e-05, ('서대문구', '강북구'): 3.2414467e-05, ('서대문구', '도봉구'): 4.2340231e-05, ('서대문구', '노원구'): 5.14656162e-05, ('서대문구', '은평구'): 5.07253264e-05, ('서대문구', '서대문구'): 0.0, ('마포구', '종로구'): 1.698334552e-05, ('마포구', '중구'): 2.27629808e-05, ('마포구', '용산구'): 1.330295526e-05, ('마포구', '성동구'): 1.855539618e-05, ('마포구', '광진구'): 1.75918712e-05, ('마포구', '동대문구'): 2.0278481e-05, ('마포구', '중랑구'): 1.50025744e-05, ('마포구', '성북구'): 2.27209918e-05, ('마포구', '강북구'): 2.07121284e-05, ('마포구', '도봉구'): 2.6577017e-05, ('마포구', '노원구'): 2.81716226e-05, ('마포구', '은평구'): 2.9227985e-05, ('마포구', '서대문구'): 3.40615252e-05, ('마포구', '마포구'): 0.0, ('양천구', '종로구'): 1.191801664e-05, ('양천구', '중구'): 1.932255358e-05, ('양천구', '용산구'): 9.39199342e-06, ('양천구', '성동구'): 1.432984898e-05, ('양천구', '광진구'): 1.463266854e-05, ('양천구', '동대문구'): 1.710362434e-05, ('양천구', '중랑구'): 1.39608413e-05, ('양천구', '성북구'): 1.98247305e-05, ('양천구', '강북구'): 1.58365388e-05, ('양천구', '도봉구'): 2.18568282e-05, ('양천구', '노원구'): 2.43319184e-05, ('양천구', '은평구'): 2.43227578e-05, ('양천구', '서대문구'): 2.67869634e-05, ('양천구', '마포구'): 1.82278807e-05, ('양천구', '양천구'): 0.0, ('강서구', '종로구'): 1.496860622e-05, ('강서구', '중구'): 2.35697412e-05, ('강서구', '용산구'): 1.055675484e-05, ('강서구', '성동구'): 1.784921746e-05, ('강서구', '광진구'): 1.846220682e-05, ('강서구', '동대문구'): 2.09659286e-05, ('강서구', '중랑구'): 1.644215056e-05, ('강서구', '성북구'): 2.47031644e-05, ('강서구', '강북구'): 1.771920264e-05, ('강서구', '도봉구'): 2.57028048e-05, ('강서구', '노원구'): 2.72283886e-05, ('강서구', '은평구'): 2.81924752e-05, ('강서구', '서대문구'): 3.25909486e-05, ('강서구', '마포구'): 1.949689566e-05, ('강서구', '양천구'): 1.724160726e-05, ('강서구', '강서구'): 0.0, ('구로구', '종로구'): 1.38619308e-05, ('구로구', '중구'): 2.86396942e-05, ('구로구', '용산구'): 1.300973534e-05, ('구로구', '성동구'): 2.0019195e-05, ('구로구', '광진구'): 2.09472282e-05, ('구로구', '동대문구'): 2.53121458e-05, ('구로구', '중랑구'): 2.25667762e-05, ('구로구', '성북구'): 2.77899136e-05, ('구로구', '강북구'): 2.05817868e-05, ('구로구', '도봉구'): 2.9836412e-05, ('구로구', '노원구'): 3.58986996e-05, ('구로구', '은평구'): 3.32145776e-05, ('구로구', '서대문구'): 3.71557e-05, ('구로구', '마포구'): 2.1375524e-05, ('구로구', '양천구'): 2.06242164e-05, ('구로구', '강서구'): 2.67582264e-05, ('구로구', '구로구'): 0.0, ('금천구', '종로구'): 2.06645262e-05, ('금천구', '중구'): 2.82636266e-05, ('금천구', '용산구'): 1.469742518e-05, ('금천구', '성동구'): 2.0958629e-05, ('금천구', '광진구'): 2.33467196e-05, ('금천구', '동대문구'): 2.36578044e-05, ('금천구', '중랑구'): 1.961919282e-05, ('금천구', '성북구'): 2.83413558e-05, ('금천구', '강북구'): 2.46425262e-05, ('금천구', '도봉구'): 3.10759706e-05, ('금천구', '노원구'): 3.7531078e-05, ('금천구', '은평구'): 3.4813654e-05, ('금천구', '서대문구'): 4.10959882e-05, ('금천구', '마포구'): 2.63292128e-05, ('금천구', '양천구'): 2.11021286e-05, ('금천구', '강서구'): 2.38237668e-05, ('금천구', '구로구'): 2.96996996e-05, ('금천구', '금천구'): 0.0, ('영등포구', '종로구'): 1.946260048e-05, ('영등포구', '중구'): 3.00503828e-05, ('영등포구', '용산구'): 1.492116616e-05, ('영등포구', '성동구'): 2.2156379e-05, ('영등포구', '광진구'): 2.1186139e-05, ('영등포구', '동대문구'): 2.48331574e-05, ('영등포구', '중랑구'): 1.943003716e-05, ('영등포구', '성북구'): 2.97018288e-05, ('영등포구', '강북구'): 2.62209384e-05, ('영등포구', '도봉구'): 3.36924826e-05, ('영등포구', '노원구'): 4.0019692e-05, ('영등포구', '은평구'): 3.8459857e-05, ('영등포구', '서대문구'): 4.4794581e-05, ('영등포구', '마포구'): 2.75918756e-05, ('영등포구', '양천구'): 2.24877726e-05, ('영등포구', '강서구'): 2.61910698e-05, ('영등포구', '구로구'): 3.26241332e-05, ('영등포구', '금천구'): 3.38734868e-05, ('영등포구', '영등포구'): 0.0, ('동작구', '종로구'): 1.299848836e-05, ('동작구', '중구'): 2.0853278e-05, ('동작구', '용산구'): 9.78245786e-06, ('동작구', '성동구'): 1.418302424e-05, ('동작구', '광진구'): 1.283669548e-05, ('동작구', '동대문구'): 1.729881348e-05, ('동작구', '중랑구'): 1.668100576e-05, ('동작구', '성북구'): 2.02367532e-05, ('동작구', '강북구'): 1.686108872e-05, ('동작구', '도봉구'): 2.30376034e-05, ('동작구', '노원구'): 2.86265448e-05, ('동작구', '은평구'): 2.58097764e-05, ('동작구', '서대문구'): 3.08304786e-05, ('동작구', '마포구'): 1.834443368e-05, ('동작구', '양천구'): 1.610738272e-05, ('동작구', '강서구'): 1.773264984e-05, ('동작구', '구로구'): 2.57472016e-05, ('동작구', '금천구'): 2.40404624e-05, ('동작구', '영등포구'): 2.63735508e-05, ('동작구', '동작구'): 0.0, ('관악구', '종로구'): 1.247106476e-05, ('관악구', '중구'): 2.4722731e-05, ('관악구', '용산구'): 1.236738474e-05, ('관악구', '성동구'): 1.819915308e-05, ('관악구', '광진구'): 1.973381606e-05, ('관악구', '동대문구'): 2.11975376e-05, ('관악구', '중랑구'): 1.777229032e-05, ('관악구', '성북구'): 2.44485212e-05, ('관악구', '강북구'): 1.9069921e-05, ('관악구', '도봉구'): 2.70979294e-05, ('관악구', '노원구'): 2.95708778e-05, ('관악구', '은평구'): 2.91765948e-05, ('관악구', '서대문구'): 3.26412118e-05, ('관악구', '마포구'): 2.1118661e-05, ('관악구', '양천구'): 1.915011638e-05, ('관악구', '강서구'): 2.23794934e-05, ('관악구', '구로구'): 2.84730562e-05, ('관악구', '금천구'): 2.57436488e-05, ('관악구', '영등포구'): 2.81596136e-05, ('관악구', '동작구'): 1.937976656e-05, ('관악구', '관악구'): 0.0, ('서초구', '종로구'): 1.690215824e-05, ('서초구', '중구'): 2.7296003e-05, ('서초구', '용산구'): 1.235749026e-05, ('서초구', '성동구'): 2.15167136e-05, ('서초구', '광진구'): 2.17256988e-05, ('서초구', '동대문구'): 2.44326682e-05, ('서초구', '중랑구'): 1.718568872e-05, ('서초구', '성북구'): 2.9206493e-05, ('서초구', '강북구'): 2.12020072e-05, ('서초구', '도봉구'): 2.97224488e-05, ('서초구', '노원구'): 3.24601292e-05, ('서초구', '은평구'): 3.30316238e-05, ('서초구', '서대문구'): 3.83852814e-05, ('서초구', '마포구'): 2.28084488e-05, ('서초구', '양천구'): 2.00265506e-05, ('서초구', '강서구'): 2.6793227e-05, ('서초구', '구로구'): 2.99109668e-05, ('서초구', '금천구'): 2.83067536e-05, ('서초구', '영등포구'): 3.31399952e-05, ('서초구', '동작구'): 2.03683618e-05, ('서초구', '관악구'): 2.59717068e-05, ('서초구', '서초구'): 0.0, ('강남구', '종로구'): 1.500425516e-05, ('강남구', '중구'): 2.325871e-05, ('강남구', '용산구'): 1.196724214e-05, ('강남구', '성동구'): 1.827377682e-05, ('강남구', '광진구'): 1.843654182e-05, ('강남구', '동대문구'): 1.841683038e-05, ('강남구', '중랑구'): 1.53471311e-05, ('강남구', '성북구'): 2.39600392e-05, ('강남구', '강북구'): 1.851041192e-05, ('강남구', '도봉구'): 2.61853192e-05, ('강남구', '노원구'): 2.87361392e-05, ('강남구', '은평구'): 2.8328399e-05, ('강남구', '서대문구'): 3.2505698e-05, ('강남구', '마포구'): 2.2458713e-05, ('강남구', '양천구'): 1.872765074e-05, ('강남구', '강서구'): 2.1438468e-05, ('강남구', '구로구'): 2.5805374e-05, ('강남구', '금천구'): 2.64488418e-05, ('강남구', '영등포구'): 2.84911484e-05, ('강남구', '동작구'): 1.934705488e-05, ('강남구', '관악구'): 2.35155178e-05, ('강남구', '서초구'): 2.53809874e-05, ('강남구', '강남구'): 0.0, ('송파구', '종로구'): 1.415238086e-05, ('송파구', '중구'): 2.32729422e-05, ('송파구', '용산구'): 1.284903688e-05, ('송파구', '성동구'): 1.573602676e-05, ('송파구', '광진구'): 2.06263236e-05, ('송파구', '동대문구'): 2.17915314e-05, ('송파구', '중랑구'): 1.73025998e-05, ('송파구', '성북구'): 2.30831912e-05, ('송파구', '강북구'): 1.88163811e-05, ('송파구', '도봉구'): 2.34104706e-05, ('송파구', '노원구'): 2.66171536e-05, ('송파구', '은평구'): 2.60994434e-05, ('송파구', '서대문구'): 2.98614998e-05, ('송파구', '마포구'): 1.917286194e-05, ('송파구', '양천구'): 1.622327414e-05, ('송파구', '강서구'): 1.99169074e-05, ('송파구', '구로구'): 2.54729922e-05, ('송파구', '금천구'): 2.51657064e-05, ('송파구', '영등포구'): 2.58197798e-05, ('송파구', '동작구'): 1.766828694e-05, ('송파구', '관악구'): 2.12859988e-05, ('송파구', '서초구'): 2.39334244e-05, ('송파구', '강남구'): 1.984574588e-05, ('송파구', '송파구'): 0.0, ('강동구', '종로구'): 1.035403986e-05, ('강동구', '중구'): 2.14144188e-05, ('강동구', '용산구'): 1.089476116e-05, ('강동구', '성동구'): 1.473656112e-05, ('강동구', '광진구'): 1.924328216e-05, ('강동구', '동대문구'): 2.20053082e-05, ('강동구', '중랑구'): 1.899025822e-05, ('강동구', '성북구'): 1.925928314e-05, ('강동구', '강북구'): 1.55802232e-05, ('강동구', '도봉구'): 2.03337608e-05, ('강동구', '노원구'): 2.15154726e-05, ('강동구', '은평구'): 2.04804708e-05, ('강동구', '서대문구'): 2.27771184e-05, ('강동구', '마포구'): 1.463344542e-05, ('강동구', '양천구'): 1.41938983e-05, ('강동구', '강서구'): 1.932197724e-05, ('강동구', '구로구'): 2.5226588e-05, ('강동구', '금천구'): 2.01322468e-05, ('강동구', '영등포구'): 1.97962057e-05, ('강동구', '동작구'): 1.384429138e-05, ('강동구', '관악구'): 2.14962028e-05, ('강동구', '서초구'): 2.02991002e-05, ('강동구', '강남구'): 1.606320844e-05, ('강동구', '송파구'): 2.07546536e-05, ('강동구', '강동구'): 0.0}, 0.0, {'종로구': 'INTEGER', '중구': 'INTEGER', '용산구': 'INTEGER', '성동구': 'INTEGER', '광진구': 'INTEGER', '동대문구': 'INTEGER', '중랑구': 'INTEGER', '성북구': 'INTEGER', '강북구': 'INTEGER', '도봉구': 'INTEGER', '노원구': 'INTEGER', '은평구': 'INTEGER', '서대문구': 'INTEGER', '마포구': 'INTEGER', '양천구': 'INTEGER', '강서구': 'INTEGER', '구로구': 'INTEGER', '금천구': 'INTEGER', '영등포구': 'INTEGER', '동작구': 'INTEGER', '관악구': 'INTEGER', '서초구': 'INTEGER', '강남구': 'INTEGER', '송파구': 'INTEGER', '강동구': 'INTEGER'}, dtype='float64')"
      ]
     },
     "execution_count": 10,
     "metadata": {},
     "output_type": "execute_result"
    }
   ],
   "source": [
    "Qubo"
   ]
  },
  {
   "cell_type": "code",
   "execution_count": 11,
   "id": "83957e7e",
   "metadata": {
    "scrolled": false
   },
   "outputs": [
    {
     "data": {
      "text/plain": [
       "{'강남구': 1.0,\n",
       " '강동구': 1.0,\n",
       " '강북구': 1.0,\n",
       " '강서구': 1.0,\n",
       " '관악구': 1.0,\n",
       " '광진구': 1.0,\n",
       " '구로구': 1.0,\n",
       " '금천구': 1.0,\n",
       " '노원구': 1.0,\n",
       " '도봉구': 1.0,\n",
       " '동대문구': 1.0,\n",
       " '동작구': 1.0,\n",
       " '마포구': 1.0,\n",
       " '서대문구': 1.0,\n",
       " '서초구': 1.0,\n",
       " '성동구': 1.0,\n",
       " '성북구': 1.0,\n",
       " '송파구': 1.0,\n",
       " '양천구': 1.0,\n",
       " '영등포구': 1.0,\n",
       " '용산구': 1.0,\n",
       " '은평구': 1.0,\n",
       " '종로구': 1.0,\n",
       " '중구': 1.0,\n",
       " '중랑구': 1.0}"
      ]
     },
     "execution_count": 11,
     "metadata": {},
     "output_type": "execute_result"
    }
   ],
   "source": [
    "# 예상한대로, Q 값이 작아서 모든 부동산을 선택하는 결과가 나타남.\n",
    "result"
   ]
  },
  {
   "cell_type": "code",
   "execution_count": 12,
   "id": "dccb4b36",
   "metadata": {
    "scrolled": true
   },
   "outputs": [
    {
     "name": "stderr",
     "output_type": "stream",
     "text": [
      "/var/folders/9y/x8rs72cn71v99tfw7qhh607c0000gn/T/ipykernel_6419/2627137660.py:1: FutureWarning: The default value of numeric_only in DataFrame.corr is deprecated. In a future version, it will default to False. Select only valid columns or specify the value of numeric_only to silence this warning.\n",
      "  data.corr()\n"
     ]
    },
    {
     "data": {
      "text/html": [
       "<div>\n",
       "<style scoped>\n",
       "    .dataframe tbody tr th:only-of-type {\n",
       "        vertical-align: middle;\n",
       "    }\n",
       "\n",
       "    .dataframe tbody tr th {\n",
       "        vertical-align: top;\n",
       "    }\n",
       "\n",
       "    .dataframe thead th {\n",
       "        text-align: right;\n",
       "    }\n",
       "</style>\n",
       "<table border=\"1\" class=\"dataframe\">\n",
       "  <thead>\n",
       "    <tr style=\"text-align: right;\">\n",
       "      <th></th>\n",
       "      <th>전국</th>\n",
       "      <th>서울</th>\n",
       "      <th>종로구</th>\n",
       "      <th>중구</th>\n",
       "      <th>용산구</th>\n",
       "      <th>성동구</th>\n",
       "      <th>광진구</th>\n",
       "      <th>동대문구</th>\n",
       "      <th>중랑구</th>\n",
       "      <th>성북구</th>\n",
       "      <th>...</th>\n",
       "      <th>구로구</th>\n",
       "      <th>금천구</th>\n",
       "      <th>영등포구</th>\n",
       "      <th>동작구</th>\n",
       "      <th>관악구</th>\n",
       "      <th>서초구</th>\n",
       "      <th>강남구</th>\n",
       "      <th>송파구</th>\n",
       "      <th>강동구</th>\n",
       "      <th>수도권</th>\n",
       "    </tr>\n",
       "  </thead>\n",
       "  <tbody>\n",
       "    <tr>\n",
       "      <th>전국</th>\n",
       "      <td>1.000000</td>\n",
